29599
21385
19581
1216
22859
10955
3956
8630
2267
9774
17128
25818
28176
17343
12131
324
31504
14859
15912
22783
20185
23288
19572
6842
12733
20979
16080
1176
19020
24028
11098
15851
12645
30679
17068
2736
8866
21024
11366
11134
30798
28494
4184
26206
13070
16315
26531
11806
31175
9675
1821
18592
196
21393
25434
12929
9604
8747
14105
28624
7
25204
11708
12652
23115
28776
15389
31982
17032
26755
10348
15062
22482
14532
8500
2784
30848
2263
14590
29255
11939
16411
15079
12135
5036
7745
25064
14641
16492
6402
10497
16499
31606
22205
29152
21953
18213
11773
21167
2477
5760
31515
17539
28242
13280
26040
31026
11360
28303
12848
7847
7474
29259
22926
19609
1528
30671
11906
16169
14396
18308
26666
30895
17146
16104
27279
6331
1549
6284
27499
4027
12045
26246
21566
7519
6758
14838
5778
18118
10374
18626
25965
17848
15118
16123
4690
16646
14027
16596
47
28423
2136
26713
26550
19282
10049
21062
25613
11599
27346
20344
15626
6623
13823
4424
14143
20581
19263
19921
5932
29637
5779
31897
14717
20897
15253
19407
4775
29280
3235
4822
24935
5371
31536
18717
24653
8817
7011
17499
20416
1590
5075
3274
8213
18898
7699
22356
6712
26962
9509
12644
23831
15289
11773
5780
3418
27026
25188
8194
23538
28423
13016
15705
1027
11784
1655
25680
20602
8666
10411
8250
10256
15487
11525
18470
1617
19224
8058
8329
13418
17568
20973
4481
89
32747
10261
3507
27005
2681
11701
17776
31105
24718
713
32132
3734
2368
25044
24336
11035
2688
32587
21291
18175
11344
6993
19792
30568
15052
28122
11218
32620
16327
15699
32709
16306
25960
3448
10544
28642
15150
28320
26979
7100
29033
26343
10834
31402
18619
2403
9669
21307
2222
30960
6714
13566
5186
26507
11366
20238
21861
22584
20090
5420
5515
20031
21727
31475
23479
32271
27349
5861
27823
21560
12961
24088
15135
23796
22722
987
26199
32391
22294
28421
30584
29009
9219
3002
22748
20585
23240
11841
10401
10562
17261
15916
30593
6220
14623
21304
5723
9205
27166
778
30765
7359
24867
13133
31155
14821
14120
24586
14445
3646
20239
12261
32655
29458
15263
22635
17275
5735
1708
27676
16297
18970
10824
14122
25190
25448
2658
30914
1885
29824
31692
32650
4416
23791
13015
2803
5845
27135
27390
20290
30782
14861
32551
30669
11552
15046
20537
28827
20781
22245
23736
4310
8447
1792
18432
870
27240
21090
31784
29125
18147
30708
29008
22563
21732
9255
25366
27577
3623
19988
15099
1637
2082
14882
32306
13634
29928
20075
9693
17941
9553
661
22251
18000
2454
7915
18870
29694
29005
17886
26052
14384
15827
22292
4179
4791
31547
29546
32368
2402
16766
14699
4039
18848
29581
3578
32482
26741
23653
9408
11914
438
10069
1397
18439
12523
9312
4541
9450
5549
22428
2734
19934
5487
25026
24113
10278
23805
20891
9878
26208
4890
24577
30247
23738
21390
1057
23453
15363
24711
93
27277
25149
10162
28674
10820
22686
5218
15362
32136
10767
5022
2102
30701
10509
27128
22047
20787
18165
10170
30665
11605
15060
22474
9085
6031
11096
10142
29484
26459
2085
29577
20968
27235
6971
16874
5287
29657
22092
20649
29025
91
25671
31127
30793
3412
25487
20072
24199
10885
30242
22096
22490
12535
11802
31575
18566
22898
8950
15282
16589
11035
12091
4789
5502
19062
21663
10790
15952
10987
31439
12209
11079
24343
10569
9104
27755
3288
29176
19187
14173
26650
8515
3896
6417
20318
2703
24983
10448
11653
7497
27038
22689
19588
31827
28191
5883
20723
6213
21835
31710
4885
1276
10021
29228
11845
19125
24215
15134
15533
10634
29307
9416
19150
435
15833
6700
3139
8049
17148
14792
15546
11418
4713
2367
10478
137
8250
31201
6350
30085
30143
11235
31361
7397
7695
10439
26522
31911
25573
9288
9777
22112
18704
28927
22548
1769
2859
25687
9818
20008
7711
25365
31426
12425
27732
9136
12562
3214
7569
18912
531
4945
30148
31892
12342
5075
9563
6096
4218
2368
15384
13996
24481
1320
10155
14261
3090
13015
7180
12908
255
14891
5505
31681
27316
469
8050
7110
3683
15619
26023
4214
20564
23403
3339
138
28478
12902
6235
32697
15271
21619
13925
6984
22940
24080
21245
26030
4327
28425
6170
4582
10548
11676
3496
5097
12145
11546
12207
15829
27165
5462
20043
14962
28865
23382
15100
24576
3517
21335
24505
18788
10187
5662
25772
359
29742
14249
26389
1302
9906
32559
5884
20454
11467
9380
25551
23613
20926
4991
6674
15324
10453
26717
30286
6551
17332
12618
31127
20849
1186
22864
6869
11373
28526
32641
11732
25500
14122
5353
26802
24028
5144
32687
11714
16612
9299
4498
7457
30226
9489
14131
12782
19942
8080
10300
26493
25412
22918
24852
13493
24104
14948
20362
2709
10706
20235
14441
3439
1589
19794
30241
25617
24939
30160
4564
8783
6692
9062
16240
4150
18551
30371
16932
5725
5683
27232
32219
31096
17382
24303
11821
8719
6484
32184
11428
17190
19651
25870
20629
21241
12896
18103
14090
5067
15495
18654
13850
22187
27716
30090
26337
13499
27693
10501
19225
609
4965
18676
31705
22348
10211
10758
31067
16695
10174
9727
1118
29826
2829
21747
18299
15726
7082
32389
20793
22578
18276
1876
11997
13224
31966
5567
26724
26892
16068
13181
27501
21034
31857
26438
10614
9300
4428
8913
25996
14603
18640
27114
11661
21470
16093
29960
4428
23176
29581
25221
12986
15089
27097
24983
28314
26296
30550
22270
20420
13851
2683
15153
2117
1772
8823
12731
11072
13251
21644
4300
27854
7516
31414
6747
28986
14740
3939
646
5148
753
25868
18134
15842
20197
10349
11388
13725
8132
890
1377
21983
3573
16530
24100
5345
25353
4063
16418
5837
25707
20718
923
455
19365
7671
29442
1337
11610
30088
6485
12363
23188
24619
28206
10618
2200
6826
24343
10332
7717
25721
32315
11290
9483
23647
16636
2069
27710
286
7906
20649
21004
8829
21105
7601
16500
17779
8938
28111
15099
15423
7706
5520
7274
3144
16138
9475
9971
7713
19807
17688
666
19355
28978
10150
10234
12846
12219
5177
13132
20125
25826
1369
28954
14163
8970
12687
31942
17909
8030
14274
564
15736
19794
7839
18881
3164
17314
